Sref = 12.680330 
Cref = 1.339000 
Bref = 9.470000 
X_cg = -1.250000 
Y_cg = 0.000001 
Z_cg = -0.300000 
Mach = 0.150000 
AoA = 0.000000 
Beta = 0.000000 
Vinf = 100.000000 
Rho = 0.002377 
ReCref = 10000000.000000 
ClMax = -999.000000 
MaxTurningAngle = -1.000000 
Symmetry = NO 
FarDist = -1.000000 
NumWakeNodes = 64 
WakeIters = 10 
NumberOfControlGroups = 1 
Ailerons
Wing_Surf0_Ailerons,Wing_Surf1_Ailerons
1, 1
17.5
Preconditioner = Matrix 
Karman-Tsien Correction = N 
Stability Type = 1 
